

def calcular_k_unordered_sequence(data):
    arr = data.split(' ')

    indice1 = 0
    indice2 = 1
    indice_max = len(arr) - 1


    k = 0

    while (indice1 < indice_max ):

        if (int(arr[indice1]) > int(arr[indice2])):
            k += 1
            # print('  ind ', indice1, indice2)
            # print('  val ', arr[indice1], arr[indice2])

        indice1 += 1
        indice2 += 1

        percentual_k_unordered = 100.0 * k / (indice_max+1)
        print ( '%s;%s;%.2f' % (k, (indice_max+1), percentual_k_unordered) )

    return k, len(arr)


data = [ '1 2 2 3 3 3 3 4 4 4 5 5 5 6 8 9 9 10 10 10 10 11 11 11 11 12 14 15 16 16 17 17 17 18 18 19 20 20 20 20 20 21 21 21 22 22 5 22 24 24 25 25 26 26 27 28 29 30 30 31 32 32 32 32 33 33 34 35 25 36 36 40 27 41 42 39 28 43 33 44 46 41 47 47 47 49 39 48 44 49 37 43 45 45 50 49 42 49 48 48'
        ,'1 2 2 3 3 3 3 4 4 4 5 5 5 6 8 9 9 10 10 10 10 11 11 11 11 12 14 15 16 16 17 17 17 18 18 19 20 20 20 20 20 21 21 21 22 22 5 22 24 24 25 25 26 26 27 28 29 30 30 31 32 32 32 32 33 33 34 35 25 36 36 40 27 41 42 39 28 43 33 44 46 41 47 47 47 49 39 48 44 49 37 43 45 45 50 49 42 49 48 48'
        ,'1 1 1 2 3 4 5 6 6 6 7 7 8 6 8 8 9 9 9 9 10 11 11 12 13 13 13 13 14 14 15 15 16 17 17 17 19 20 20 20 20 22 22 23 23 23 24 15 24 25 26 26 27 27 28 28 28 29 29 30 33 32 33 34 35 35 36 37 37 38 39 40 40 42 44 20 44 44 44 44 45 30 44 45 45 46 46 48 48 48 48 48 49 49 50 50 50 50 37 49'
        ,'1 2 2 3 3 3 3 4 4 4 5 5 5 6 8 9 9 10 10 10 10 11 11 11 11 12 14 15 16 16 17 17 17 18 18 19 20 20 20 20 20 21 21 21 22 22 5 22 24 24 25 25 26 26 27 28 29 30 30 31 32 32 32 32 33 33 34 35 25 36 36 40 27 41 42 39 28 43 33 44 46 41 47 47 47 49 39 48 44 49 37 43 45 45 50 49 42 49 48 48'
        ,'1 2 2 3 3 3 3 4 4 4 5 5 5 6 8 9 9 10 10 10 10 11 11 11 11 12 14 15 16 16 17 17 17 18 18 19 20 20 20 20 20 21 21 21 22 22 5 22 24 24 25 25 26 26 27 28 29 30 30 31 32 32 32 32 33 33 34 35 25 36 36 40 27 41 42 39 28 43 33 44 46 41 47 47 47 49 39 48 44 49 37 43 45 45 50 49 42 49 48 48'
        ,'1 1 1 2 3 4 5 6 6 6 6 7 7 8 8 8 9 9 9 9 10 11 11 12 13 13 13 13 14 14 15 15 15 16 17 17 17 19 20 20 20 20 22 22 23 23 23 24 24 25 26 26 27 27 28 28 28 29 29 30 30 32 33 33 34 35 35 36 37 37 37 38 39 40 40 42 44 44 44 44 44 44 20 45 45 45 46 46 48 48 48 48 48 49 49 50 49 50 50 50'
        ,'1 1 1 2 3 4 5 6 6 6 6 7 7 8 8 8 9 9 9 9 10 11 11 12 13 13 13 13 14 14 15 15 15 16 17 17 17 19 20 20 20 20 22 22 23 23 23 24 24 25 26 26 27 27 28 28 28 29 29 30 30 32 33 33 34 35 35 36 37 37 37 38 39 40 40 42 44 44 44 44 44 44 20 45 45 45 46 46 48 48 48 48 48 49 49 50 49 50 50 50'
        ,'1 1 1 2 3 4 5 6 6 6 7 7 8 6 8 8 9 9 9 9 10 11 11 12 13 13 13 13 14 14 15 15 16 17 17 17 19 20 20 20 20 22 22 23 23 23 24 15 24 25 26 26 27 27 28 28 28 29 29 30 33 32 33 34 35 35 36 37 37 38 39 40 40 42 44 20 44 44 44 44 45 30 44 45 45 46 46 48 48 48 48 48 49 49 50 50 50 50 37 49'
        ]

for d in data:
    k, n = calcular_k_unordered_sequence(d)
    print( k, n )

